pulseAmplitude,deltaRneg(measured at -80mV),RnegInitial,deltaRpos(measured at +80mV),RposInitial
-2.393,-9233422.556,940707223.691,-5027733.684,1113622949.542
-1.066,12987171.376,931473801.135,2016120.153,1108595215.857
1.321,399087810.065,944460972.511,468431606.063,1110611336.01
2.501,1481240152.725,1343548782.577,1777565674.845,1579042942.073
0.428,-101495929.399,2824788935.302,-59540287.649,3356608616.918
-0.918,-771873592.207,2723293005.903,-928256110.935,3297068329.268
-2.627,-983135551.599,1951419413.696,-1185208678.175,2368812218.333
0.275,35591095.238,968283862.097,5888487.271,1183603540.158
2.047,1479471103.147,1003874957.335,1776560023.818,1189492027.43
-1.825,-1488469673.873,2483346060.482,-1751479611.111,2966052051.247
0.008,29425167.769,994876386.609,1713630.347,1214572440.137
2.714,1781863309.211,1024301554.378,2129580320.707,1216286070.484
-0.363,-78295724.927,2806164863.589,-50883908.141,3345866391.19
0.608,-31201141.639,2727869138.662,-36650520.931,3294982483.049
-1.591,-1645839418.689,2696667997.023,-1972993178.949,3258331962.119
-0.153,29846519.4,1050828578.334,1749469.254,1285338783.17
1.135,284167911.199,1080675097.734,334594949.33,1287088252.424
-2.236,-388363948.306,1364843008.933,-429773882.215,1621683201.754
0.423,34548724.944,976479060.627,2994416.029,1191909319.539
2.469,1621295832.294,1011027785.571,1927898104.699,1194903735.568
-2.861,-1659468702.151,2632323617.866,-1933999172.594,3122801840.267
-0.402,33510344.557,972854915.714,3973877.569,1188802667.673
2.79,1784917285.211,1006365260.271,2102670136.078,1192776545.242
-2.408,-1817852323.394,2791282545.482,-2106693475.402,3295446681.32
0.483,35661696.095,973430222.088,5347934.448,1188753205.919
-2.484,-48227909.266,1009091918.183,-26223384.467,1194101140.367
-0.328,30032132.781,960864008.917,3749875.064,1167877755.9
1.28,424516999.705,990896141.698,496396390.251,1171627630.963
-0.638,-47541037.445,1415413141.403,-46951373.654,1668024021.214
0.155,-631196.11,1367872103.958,-1570603.951,1621072647.56
2.101,1105795269.58,1367240907.848,1310821456.779,1619502043.609
1.246,-28374158.064,2473036177.428,-25145601.82,2930323500.389
-0.246,-21871800.895,2444662019.364,-16160929.927,2905177898.569
0.491,-5075623.633,2422790218.469,-11590308.852,2889016968.641
1.719,88194652.407,2417714594.836,107474219.114,2877426659.79
-1.222,-1264132140.026,2505909247.244,-1476940734.291,2984900878.904
0.745,56397334.973,1241777107.218,38447550.311,1507960144.613
-1.997,-307560509.206,1298174442.191,-341229042.254,1546407694.925
0.198,33622050.986,990613932.985,6339737.27,1205178652.671
1.415,574396226.31,1024235983.971,679298291.601,1211518389.941
-0.137,-13650859.568,1598632210.281,-11004362.003,1890816681.541
2.646,1108840839.512,1584981350.713,1306778506.267,1879812319.538
1.744,30964169.494,2693822190.226,62124307.36,3186590825.805
2.846,175996706.669,2724786359.719,232236663.485,3248715133.165
0.931,-41287252.691,2900783066.389,-28229065.822,3480951796.65
2.363,48827298.091,2859495813.698,56923531.926,3452722730.827
2.934,100679824.997,2908323111.789,98355202.095,3509646262.753
1.107,-47891217.003,3009002936.787,-38325859.119,3608001464.849
-2.775,-1974161666.859,2961111719.784,-2359417457.666,3569675605.729
-1.355,-824834.745,986950052.925,-17004802.479,1210258148.063
1.305,499400193.589,986125218.18,565100483.561,1193253345.584
0.723,-8649594.872,1485525411.769,-5348740.171,1758353829.145
1.361,112668162.805,1476875816.897,135299789.179,1753005088.974
1.152,3814900.486,1589543979.702,2347359.056,1888304878.152
-2.999,-632224741.904,1593358880.187,-705674203.739,1890652237.209
2.829,1846712951.98,961134138.283,2152385165.927,1184978033.47
1.818,44676715.831,2807847090.263,71313245.627,3337363199.397
2.526,109640469.612,2852523806.094,120767499.907,3408676445.023
0.366,-55024850.026,2962164275.706,-32148665.667,3529443944.93
1.235,-4904124.051,2907139425.68,-19608983.956,3497295279.263
1.888,66081625.569,2902235301.629,62374806.147,3477686295.308
-1.029,-1132143109.476,2968316927.198,-1303923894.312,3540061101.455
0.987,144767545.423,1836173817.722,142597852.914,2236137207.143
-2.329,-988343660.513,1980941363.145,-1160530206.729,2378735060.057
1.089,241612125.38,992597702.633,257287223.279,1218204853.328
-0.802,-48849033.821,1234209828.013,-63197344.82,1475492076.608
1.639,775759986.334,1185360794.192,911908357.078,1412294731.788
1.743,204930907.965,1961120780.526,251655960.127,2324203088.866
2.674,635578860.488,2166051688.491,725955710.945,2575859048.993
-2.396,-1815293779.084,2801630548.98,-2093822684.365,3301814759.937
-2.511,-18202896.343,986336769.895,-25039603.645,1207992075.572
0.497,31141651.692,968133873.552,2422373.233,1182952471.927
-1.537,-24951401.71,999275525.244,-8208343.788,1185374845.16
1.588,876145872.714,974324123.535,1020752838.284,1177166501.373
1.277,-1419968.813,1850469996.248,5286765.868,2197919339.657
-0.482,-31693454.352,1849050027.435,-25901673.73,2203206105.525
-0.862,-279014551.964,1817356573.083,-335050212.687,2177304431.794
-1.717,-545337736.306,1538342021.12,-634720537.22,1842254219.108
1.336,522560566.206,993004284.813,582675307.109,1207533681.888
0.894,-9189115.72,1515564851.02,-6077323.649,1790208988.997
-2.573,-544025290.573,1506375735.3,-605924954.872,1784131665.349
1.253,412607447.188,962350444.726,442591370.499,1178206710.476
-2.408,-415541217.253,1374957891.915,-448392979.84,1620798080.975
-1.041,22510947.453,959416674.662,-772665.662,1172405101.135
2.093,1375339833.451,981927622.115,1623066858.377,1171632435.472
2.125,198128742.644,2357267455.566,259013218.967,2794699293.849
-2.498,-1582333019.65,2555396198.209,-1863930361.928,3053712512.816
-0.394,34242304.456,973063178.56,3499672.446,1189782150.888
1.249,360880097.677,1007305483.016,420506383.101,1193281823.335
-1.7,-390312405.954,1368185580.692,-429883392.383,1613788206.436
2.673,1618549863.063,977873174.739,1909984676.855,1183904814.053
-0.15,-59795724.794,2596423037.802,-44483781.963,3093889490.908
-2.57,-1563644610.208,2536627313.008,-1859350996.179,3049405708.945
-0.677,31207279.903,972982702.8,4278177.669,1190054712.765
-2.743,-44167710.186,1004189982.703,-24814059.72,1194332890.435
1.348,532069640.345,960022272.517,596888777.556,1169518830.715
1.404,117118564.225,1492091912.862,137148710.822,1766407608.271
1.245,-154711.236,1609210477.087,221966.888,1903556319.093
-0.065,-11222427.857,1609055765.85,-8356298.707,1903778285.981
-2.023,-623480734.402,1597833337.994,-711447087.542,1895421987.274
-1.074,15094938.373,974352603.592,154217.707,1183974899.732
1.444,582885682.615,989447541.965,672223530.161,1184129117.439
-1.647,-585568210.334,1572333224.58,-661573831.028,1856352647.6
-2.489,-27865830.509,986765014.246,-27747452.604,1194778816.572
2.2,1394174872.21,958899183.737,1653944566.76,1167031363.968
-2.994,-1388228214.191,2353074055.947,-1637557983.012,2820975930.728
-1.749,-1603181.665,964845841.756,-13351751.222,1183417947.717
1.181,304931866.087,963242660.091,333761043.832,1170066196.495
-0.891,-119633747.238,1268174526.178,-128330342.072,1503827240.327
-2.186,-186343119.486,1148540778.94,-205916514.457,1375496898.254
2.806,1623251433.053,962197659.454,1896197411.693,1169580383.798
-0.069,-71465056.306,2585449092.507,-45973161.752,3065777795.491
2.147,194158739.794,2513984036.201,206394685.694,3019804633.739
-1.856,-1703773770.823,2708142775.995,-2000727895.895,3226199319.433
-2.08,-30291639.078,1004369005.173,-36520345.903,1225471423.538
-1.977,170818.759,974077366.095,-3913363.81,1188951077.636
-1.288,9096415.97,974248184.854,-389569.132,1185037713.825
1.181,288551892.24,983344600.824,321869426.951,1184648144.693
0.834,1672492.985,1271896493.063,1073147.627,1506517571.644
-0.876,-109715934.134,1273568986.048,-118113232.281,1507590719.272
2.214,1258391387.673,1163853051.914,1475956708.671,1389477486.991
-1.53,-1376260364.694,2422244439.586,-1589427585.948,2865434195.662
1.038,193353746.909,1045984074.892,200024490.261,1276006609.714
2.617,1315261958.63,1239337821.802,1540819519.158,1476031099.975
-1.272,-1340985454.929,2554599780.432,-1545905463.323,3016850619.133
-1.553,-164612843.789,1213614325.503,-192450710.868,1470945155.81
2.678,1526152786.121,1049001481.715,1784128538.513,1278494444.942
0.206,-52368784.7,2575154267.835,-41178279.669,3062622983.454
-2.821,-1552069555.871,2522785483.135,-1830553828.093,3021444703.785
-0.924,23544703.246,970715927.264,-6540876.58,1190890875.692
0.67,16263983.343,994260630.51,15536011.717,1184349999.112
-0.159,976149.83,1010524613.853,1491969.715,1199886010.829
2.509,1472636467.51,1011500763.683,1755557215.265,1201377980.544
0.732,-66187338.369,2484137231.193,-53564454.962,2956935195.808
-1.398,-1321855277.937,2417949892.824,-1569912951.452,2903370740.846
2.333,1394266132.545,1096094614.887,1644339013.197,1333457789.394
0.226,-51705129.501,2490360747.432,-41491144.917,2977796802.591
2.976,262229462.11,2438655617.931,273524125.053,2936305657.674
0.444,-57924012.179,2700885080.041,-35974731.1,3209829782.727
2.043,72838025.468,2642961067.862,59168342.531,3173855051.627
1.654,-24260818.647,2715799093.33,-12603354.772,3233023394.157
-1.944,-1682316510.816,2691538274.684,-1986677298.805,3220420039.386
2.922,1559793217.986,1009221763.867,1815593228.395,1233742740.581
1.161,-37582501.17,2569014981.853,-5288603.599,3049335968.976
-1.798,-1516054582.414,2531432480.684,-1806737524.433,3044047365.377
2.084,1362111556.079,1015377898.269,1592653242.188,1237309840.944
-0.416,-29875979.517,2377489454.348,-39130410.295,2829963083.132
-2.026,-1351334576.517,2347613474.832,-1577144699.877,2790832672.836
2.938,1585217323.988,996278898.315,1854752047.477,1213687972.959
0.374,-47966540.419,2581496222.303,-24404237.795,3068440020.436
-1.643,-1488488402.753,2533529681.884,-1767145266.426,3044035782.641
-1.173,4337226.45,1045041279.131,-9925056.861,1276890516.215
0.499,16824718.085,1049378505.58,2001633.157,1266965459.354
-0.37,804885.596,1066203223.665,708917.913,1268967092.511
-1.53,-37958025.394,1067008109.262,-21267730.98,1269676010.424
2.649,1486035715.141,1029050083.868,1750292533.429,1248408279.444
-1.496,-1434095287.402,2515085799.008,-1684312200.736,2998700812.873
2.68,1472510114.321,1080990511.606,1731188448.577,1314388612.137
2.94,152063027.531,2553500625.927,187605741.017,3045577060.714
-0.716,-301846063.834,2705563653.458,-332647943.103,3233182801.731
1.629,161022871.465,2403717589.624,179159943.617,2900534858.628
-2.316,-1583845836.146,2564740461.089,-1877735608.76,3079694802.245
1.783,1118003348.676,980894624.943,1290692158.747,1201959193.485
2.808,542951162.265,2098897973.619,650972161.129,2492651352.232
-0.721,-247053983.668,2641849135.884,-259584936.461,3143623513.361
-0.923,-496360459.082,2394795152.216,-574348387.194,2884038576.9
2.713,743911816.26,1898434693.135,844204910.166,2309690189.706
-2.001,-1643766988.762,2642346509.394,-1934453543.133,3153895099.872
-2.773,-38792209.5,998579520.632,-47211682.461,1219441556.739
-1.443,9489051.368,959787311.132,-2567409.624,1172229874.278
-1.671,-2962078.442,969276362.5,-3485106.571,1169662464.654
1.096,207804613.092,966314284.058,226691848.016,1166177358.084
1.684,754931590.442,1174118897.15,877604363.602,1392869206.099
0.048,-30016431.264,1929050487.592,-22442704.237,2270473569.701
-2.9,-939315829.599,1899034056.327,-1075904041.341,2248030865.464
1.515,740426413.077,959718226.729,824573628.38,1172126824.122
-0.732,-154621248.309,1700144639.805,-161545115.779,1996700452.502
2.432,957925108.813,1545523391.497,1142393202.901,1835155336.723
1.111,-47853334.639,2503448500.309,-29378837.08,2977548539.624
0.095,-23213846.115,2455595165.67,-16899201.971,2948169702.544
-1.148,-1074644937.651,2432381319.555,-1280780697.093,2931270500.573
0.196,13610692.327,1357736381.904,-6038306.166,1650489803.48
2.511,1157019619.847,1371347074.231,1349340874.203,1644451497.314
1.364,-13929107.762,2528366694.078,2655339.721,2993792371.518
-2.938,-1544432566.54,2514437586.316,-1804488666.951,2996447711.238
0.168,34076571.894,970005019.776,2256177.18,1191959044.287
1.372,521861345.694,1004081591.67,610303111.988,1194215221.467
1.099,-360832.442,1525942937.364,6751842.397,1804518333.455
0.049,-6944626.468,1525582104.922,-5650545.877,1811270175.852
-2.188,-555897906.729,1518637478.454,-627010212.296,1805619629.974
-2.026,-5155747.231,962739571.725,-13559742.873,1178609417.679
-2.374,-5316237.302,957583824.494,-9925109.06,1165049674.806
-1.883,333370.648,952267587.192,-1751960.075,1155124565.745
1.81,1021689827.552,952600957.84,1185086630.308,1153372605.671
-1.584,-969621585.285,1974290785.393,-1114696704.65,2338459235.979
0.392,23755957.023,1004669200.107,1269778.899,1223762531.328
0.567,4264638.345,1028425157.131,2801453.36,1225032310.227
0.332,1917829.582,1032689795.476,1396093.177,1227833763.587
1.74,848287589.94,1034607625.058,990437281.952,1229229856.764
0.499,-31995376.906,1882895214.998,-13360964.092,2219667138.716
-1.097,-632242189.492,1850899838.093,-737133098.689,2206306174.624
-0.943,-13413631.883,1218657648.6,-27014452.907,1469173075.934
-0.223,8547077.698,1205244016.717,1364613.006,1442158623.027
1.942,856959195.361,1213791094.415,1012920938.203,1443523236.033
2.576,449018874.171,2070750289.776,533749485.657,2456444174.236
1.493,-13514492.132,2519769163.947,-1155211.144,2990193659.892
-1.2,-1185041269.427,2506254671.815,-1386448663.656,2989038448.749
1.335,460217496.352,1321213402.389,516817628.594,1602589785.093
-1.496,-711317038.626,1781430898.741,-808787129.872,2119407413.687
-2.228,-104795341.203,1070113860.115,-130216172.467,1310620283.815
1.017,157356141.198,965318518.912,159813472.977,1180404111.348
2.381,1271961355.215,1122674660.11,1485780752.575,1340217584.325
-1.241,-1193102859.018,2394636015.326,-1368240514.207,2825998336.9
-1.09,-23486063.875,1201533156.307,-33332489.288,1457757822.693
1.435,586686558.523,1178047092.433,670402275.376,1424425333.405
-2.876,-798743740.721,1764733650.956,-913987913.673,2094827608.78
1.378,507968922.094,965989910.235,566262844.525,1180839695.107
-2.685,-517057661.083,1473958832.33,-575861199.498,1747102539.632
-1.927,-1713787.362,956901171.247,-8771673.327,1171241340.134
1.462,578037601.549,955187383.885,646873509.956,1162469666.807
1.743,372367213.071,1533224985.434,447356400.105,1809343176.763
-0.302,-30126848.666,1905592198.506,-22152586.58,2256699576.869
-0.618,-69442987.671,1875465349.84,-79038939.736,2234546990.289
-1.728,-809691351.117,1806022362.169,-943875163.202,2155508050.553
-1.708,-13841431.582,996331011.052,-16557791.82,1211632887.351
1.993,1102202060.76,982489579.47,1257373459.762,1195075095.531
2.204,258571857.993,2084691640.23,304497052.238,2452448555.293
0.681,-40278138.301,2343263498.223,-14217607.981,2756945607.531
-2.73,-1331739105.29,2302985359.922,-1556572803.004,2742727999.55
2.328,1364565179.983,971246254.632,1562891227.976,1186155196.546
0.99,-50482390.082,2335811434.615,-34008644.771,2749046424.521
0.368,-20163050.337,2285329044.532,-18860554.629,2715037779.751
0.186,-10275418.398,2265165994.196,-12647256.13,2696177225.121
2.635,272000280.837,2254890575.798,297777975.523,2683529968.992
1.72,5408623.231,2526890856.635,26489017.159,2981307944.515
-1.805,-1513640188.292,2532299479.866,-1765958170.977,3007796961.674
2.78,1483480037.553,1018659291.573,1728232542.991,1241838790.697
-1.593,-1448334699.236,2502139329.126,-1689747667.866,2970071333.688
-2.74,-94799693.413,1053804629.891,-110411467.733,1280323665.823
2.196,1344136894.451,959004936.478,1555611238.686,1169912198.09
1.34,-10773126.346,2303141830.929,7017505.226,2725523436.776
2.757,277317986.368,2292368704.582,329219355.846,2732540942.003
1.799,-12292368.877,2569686690.95,-6853697.799,3061760297.848
2.715,80621731.574,2557394322.073,80076361.318,3054906600.049
1.725,-21612248.349,2638016053.647,-7074984.42,3134982961.368
-1.85,-1604508981.646,2616403805.298,-1890230602.309,3127907976.947
1.937,1229584193.863,1011894823.652,1433246745.075,1237677374.639
1.091,-27453609.359,2241479017.515,-22482264.268,2670924119.713
-1.404,-1107151165.673,2214025408.156,-1309009640.761,2648441855.445
-2.142,-133031654.399,1106874242.483,-157748315.127,1339432214.684
1.326,473571064.645,973842588.084,523454235.815,1181683899.557
-0.545,-28571427.985,1447413652.729,-28207957.294,1705138135.372
1.86,622399013.227,1418842224.745,752946615.02,1676930178.077
-1.451,-990956216.874,2041241237.972,-1156023897.63,2429876793.097
2.716,1411577648.817,1050285021.098,1635900379.278,1273852895.468
-1.298,-1273526192.441,2461862669.915,-1466569090.89,2909753274.745
0.395,18059835.779,1188336477.474,952980.292,1443184183.856
-1.921,-208088445.089,1206396313.253,-230548613.142,1444137164.148
-0.062,26300667.338,998307868.163,3222916.226,1213588551.006
1.093,178804343.423,1024608535.501,207309583.058,1216811467.231
-2.978,-246039910.35,1203412878.925,-253640568.051,1424121050.289
0.3,31773620.477,957372968.574,2354318.116,1170480482.238
0.158,1175488.446,989146589.052,-735453.214,1172834800.354
0.198,1729112.344,990322077.498,1740458.941,1172099347.141
-2.944,-38648734.83,992051189.841,-15490569.579,1173839806.082
-2.441,-588199.004,953402455.011,-3104570.123,1158349236.503
2.267,1343824154.352,952814256.007,1566399206.519,1155244666.38
-1.381,-1208558327.665,2296638410.359,-1403456512.339,2721643872.899
2.731,1353126508.075,1088080082.694,1581569494.827,1318187360.56
-1.285,-1248895803.04,2441206590.77,-1455139859.469,2899756855.388
0.212,16685352.55,1192310787.73,2969515.47,1444616995.919
0.339,2020477.896,1208996140.28,-1036533.087,1447586511.389
-0.553,421783.21,1211016618.176,-2616124.912,1446549978.302
1.054,155489462.413,1211438401.386,184602003.305,1443933853.39
0.255,-700325.434,1366927863.799,-1260773.572,1628535856.695
2.807,1100968012.788,1366227538.365,1302183552.921,1627275083.123
1.343,-18720644.96,2467195551.153,-167334.135,2929458636.044
2.663,99089717.561,2448474906.193,82929276.98,2929291301.909
1.222,-32081827.14,2547564623.753,-16140949.084,3012220578.889
-2.831,-1549161509.28,2515482796.613,-1812798212.943,2996079629.804
0.296,32143572.944,966321287.333,2947649.903,1183281416.861
0.8,33577474.099,998464860.277,36071314.777,1186229066.764
-2.176,-72878725.044,1032042334.377,-57857800.205,1222300381.541
-1.985,-2921259.271,959163609.333,-5975927.799,1164442581.336
1.598,773313115.269,956242350.061,886248193.086,1158466653.537
1.263,5685765.736,1729555465.33,6859685.541,2044714846.623
1.553,57829447.297,1735241231.067,65820183.03,2051574532.164
-2.71,-839588681.295,1793070678.363,-949927360.5,2117394715.195
-1.13,16311364.212,953481997.068,-3475444.438,1167467354.694
0.795,41779026.841,969793361.28,36780186.202,1163991910.256
1.304,350765110.56,1011572388.12,403952211.906,1200772096.458
-2.327,-407867848.548,1362337498.68,-442997401.316,1604724308.364
-2.074,-3655277.622,954469650.132,-9785886.428,1161726907.047
2.16,1259370934.952,950814372.51,1465815483.524,1151941020.62
2.631,304211183.949,2210185307.462,355146967.167,2617756504.143
0.616,-55276290.845,2514396491.411,-32289176.985,2972903471.311
-0.827,-406854114.006,2459120200.566,-482502063.067,2940614294.326
-2.185,-1079330716.224,2052266086.559,-1271312999.118,2458112231.259
-2.455,-14580673.679,972935370.336,-26113963.558,1186799232.141
-1.444,6663397.432,958354696.657,-2372929.66,1160685268.583
-2.731,-17276562.16,965018094.089,-11066159.969,1158312338.922
2.129,1274569582.737,947741531.929,1498671203.599,1147246178.953
-1.268,-1082099263.305,2222311114.667,-1230118482.628,2645917382.553
-0.352,42191620.175,1140211851.362,-6921563.83,1415798899.924
1.336,430200642.217,1182403471.537,497284235.879,1408877336.095
1.136,-4550983.678,1612604113.753,-3519753.809,1906161571.973
-2.059,-636292494.155,1608053130.075,-725634653.133,1902641818.165
2.16,1239894788.165,971760635.92,1438664369.4,1177007165.031
0.376,-45895759.518,2211655424.085,-28983536.211,2615671534.431
2.415,257272711.991,2165759664.567,291956275.473,2586687998.22
-2.157,-1453361264.758,2423032376.559,-1694199585.779,2878644273.693
-0.507,28903423.051,969671111.801,512283.336,1184444687.914
-2.922,-48270675.192,998574534.851,-26936375.854,1184956971.25
-1.291,11003518.375,950303859.659,-1319391.56,1158020595.396
0.726,29385066.45,961307378.034,21241813.17,1156701203.837
-0.246,2474566.48,990692444.484,2457610.967,1177943017.007
1.666,780945843.902,993167010.965,925259280.578,1180400627.973
0.122,-19973085.01,1774112854.867,-15542402.145,2105659908.551
1.572,72087409.152,1754139769.857,76552500.543,2090117506.406
-0.331,-16457499.347,1826227179.009,-12220773.045,2166670006.95
1.53,31713598.289,1809769679.662,25632017.723,2154449233.905
2.144,384920873.402,1841483277.951,469416668.516,2180081251.628
2.387,186999894.719,2226404151.353,224500940.315,2649497920.144
2.903,148745700.051,2413404046.072,167204117.791,2873998860.459
1.391,-35375413.602,2562149746.123,-16763236.809,3041202978.25
1.386,-12741314.468,2526774332.521,-21894333.571,3024439741.441
0.484,-9760102.39,2514033018.053,-8389999.227,3002545407.87
1.733,30758043.403,2504272915.662,21432921.332,2994155408.642
-2.627,-1569169338.06,2535030959.066,-1836061379.258,3015588329.975
0.006,30563703.144,965861621.006,4255233.362,1179526950.716
-0.743,1108274.029,996425324.15,616911.041,1183782184.078
-2.801,-43016345.279,997533598.179,-25254312.14,1184399095.119
-1.938,-771535.814,954517252.899,-4477038.623,1159144782.979
-0.375,23628079.523,953745717.086,2274342.015,1154667744.357
-1.825,-22175007.801,977373796.609,-3888656.758,1156942086.372
-1.235,9335293.004,955198788.808,-1337949.406,1153053429.613
-1.127,3351475.4,964534081.812,281939.318,1151715480.208
2.877,1473215257.201,967885557.212,1738104991.253,1151997419.526
2.606,133403738.277,2441100814.412,168031959.058,2890102410.779
1.619,-16333338.127,2574504552.689,-12471507.965,3058134369.837
-0.664,-171423867.879,2558171214.562,-190702010.523,3045662861.872
1.765,114126396.081,2386747346.683,139658566.212,2854960851.349
-2.471,-1536481514.801,2500873742.764,-1813625623.093,2994619417.561
2.949,1530518154.856,964392227.963,1772997786.656,1180993794.468
-0.782,-392664500.987,2494910382.819,-438290461.511,2953991581.124
-2.949,-1142698020.784,2102245881.832,-1343938260.98,2515701119.613
1.494,686253473.45,959547861.048,773755809.349,1171762858.633
-0.529,-33132205.823,1645801334.498,-28993864.078,1945518667.981
2.776,837440513.732,1612669128.675,993634927.489,1916524803.904
-1.882,-1459978771.859,2450109642.406,-1704701416.141,2910159731.392
-1.943,-13069821.331,990130870.548,-21087275.492,1205458315.251
-2.696,-22243037.53,977061049.217,-29036281.513,1184371039.759
-0.301,24784220.827,954818011.687,3658887.571,1155334758.246
-0.984,-4180423.545,979602232.513,-721556.121,1158993645.817
-2.581,-21594218.075,975421808.969,-7884840.589,1158272089.697
-0.9,18315644.691,953827590.894,3464452.102,1150387249.108
-1.044,-2387492.812,972143235.584,-1648544.75,1153851701.21
0.79,35259282.202,969755742.772,36338117.121,1152203156.461
0.977,66319804.656,1005015024.975,77938798.355,1188541273.581
0.123,1174869.879,1071334829.631,-1377914.937,1266480071.936
0.889,5573145.767,1072509699.51,4416695.356,1265102156.999
-1.755,-117511881.896,1078082845.276,-111053540.861,1269518852.355
-0.662,21682177.988,960570963.381,1123034.643,1158465311.494
2.274,1286296648.479,982253141.368,1517952707.261,1159588346.137
1.599,16047001.665,2268549789.847,39613976.599,2677541053.398
-0.674,-169786936.71,2284596791.512,-190005547.21,2717155029.997
2.379,302410909.366,2114809854.802,346050457.45,2527149482.787
1.391,-22755331.569,2417220764.168,-12790086.412,2873199940.237
-0.388,-19867926.876,2394465432.599,-23498229.297,2860409853.826
-0.881,-469297580.553,2374597505.723,-535986249.867,2836911624.529
2.923,574872645.238,1905299925.169,642625415.938,2300925374.663
-1.762,-1465005981.57,2480172570.407,-1712395166.374,2943550790.601
1.614,834064662.616,1015166588.837,952598554.933,1231155624.227
-0.188,-28818600.314,1849231251.453,-17874899.856,2183754179.16
-0.099,-9668054.854,1820412651.14,-8867129.393,2165879279.304
1.597,78278150.854,1810744596.285,92403002.15,2157012149.91
-2.121,-921853313.562,1889022747.14,-1073217856.726,2249415152.06
2.99,1414369826.693,967169433.577,1635941300.916,1176197295.334
-1.752,-1382760267.589,2381539260.27,-1601286943.741,2812138596.251
-0.997,13033923.11,998778992.681,-3151355.416,1210851652.51
-2.173,-54341406.553,1011812915.792,-46037492.956,1207700297.094
-0.762,25493703.623,957471509.238,2166543.565,1161662804.138
1.081,162067492.136,982965212.861,186655138.607,1163829347.703
0.844,1953588.517,1145032704.997,-350991.86,1350484486.309
0.259,1165469.186,1146986293.514,-751511.398,1350133494.449
-0.233,-592907.275,1148151762.7,-1791138.584,1349381983.052
0.388,-1082121.737,1147558855.425,-884719.312,1347590844.468
0.941,4344089.264,1146476733.688,4636095.505,1346706125.156
1.381,286316973.413,1150820822.952,334573387.462,1351342220.661
2.499,888861467.456,1437137796.365,1068347647.114,1685915608.122
-2.382,-1365132946.75,2325999263.821,-1586073073.875,2754263255.236
-0.04,28845627.267,960866317.071,3099173.961,1168190181.362
-2.498,-39067050.609,989711944.339,-18764172.647,1171289355.322
-2.848,-2258454.707,950644893.73,-6951393.404,1152525182.675
1.383,480715798.952,948386439.022,534734883.431,1145573789.272
-0.582,-31605155.249,1429102237.974,-31626382.024,1680308672.703
-2.61,-449468035.115,1397497082.725,-496714730.086,1648682290.679
0.043,27849670.183,948029047.61,3520719.867,1151967560.593
-2.221,-29912318.519,975878717.793,-10347399.503,1155488280.46
2.772,1402632632.047,945966399.273,1626393246.329,1145140880.957
-1.376,-1254501142.382,2348599031.32,-1448760933.284,2771534127.285
0.143,18933200.803,1094097888.938,695883.144,1322773194.001
-1.527,-91296235.044,1113031089.741,-92805872.744,1323469077.145
-2.884,-71121590.314,1021734854.697,-81204886.633,1230663204.401
1.475,582065359.732,950613264.382,656477613.043,1149458317.768
0.61,-11829686.237,1532678624.114,-6539808.15,1805935930.811
-0.282,-5813345.903,1520848937.877,-2905298.014,1799396122.661
2.598,827138472.547,1515035591.974,974482673.762,1796490824.648
-0.091,-55005139.37,2342174064.521,-36329039.79,2770973498.409
-1.806,-1294374133.352,2287168925.151,-1534041756.062,2734644458.619
0.178,22665592.553,992794791.799,833013.124,1200602702.557
2.546,1330531137.235,1015460384.352,1570690005.765,1201435715.68
-2.735,-1392568614.171,2345991521.587,-1610452796.266,2772125721.446
-1.785,-1363841.671,953422907.415,-11943686.415,1161672925.18
-1.43,4091853.117,952059065.744,-234585.351,1149729238.764
-0.364,17713008.002,956150918.861,2082561.135,1149494653.413
1.998,1113806759.788,973863926.863,1318751055.024,1151577214.548
1.435,4986962.406,2087670686.651,19466683.365,2470328269.572
2.929,365676657.368,2092657649.056,428002664.244,2489794952.937
0.189,-49235622.515,2458334306.424,-38191777.628,2917797617.181
2.609,90482636.219,2409098683.909,100167459.295,2879605839.553
2.213,30264536.363,2499581320.129,35489963.788,2979773298.847
-1.152,-1124616294.678,2529845856.492,-1307308935.042,3015263262.635
0.226,10834982.408,1405229561.814,-3314682.022,1707954327.593
-2.427,-459614123.025,1416064544.222,-539983466.634,1704639645.571
-0.815,23317373.836,956450421.197,261170.176,1164656178.938
0.433,4600437.436,979767795.033,264681.449,1164917349.114
-1.972,-31529009.795,984368232.468,-14013450.558,1165182030.563
2.633,1397412988.767,952839222.674,1604888026.642,1151168580.005
-1.366,-1258986971.239,2350252211.44,-1439582913.082,2756056606.647
2.238,1208380959.231,1091265240.201,1393838026.162,1316473693.564
2.339,89233565.263,2299646199.432,132691259.03,2710311719.727
0.942,-41988046.759,2388879764.695,-24044922.033,2843002978.756
-0.709,-176996518.45,2346891717.936,-201802734.443,2818958056.723
-1.18,-854049456.083,2169895199.487,-1025533618.926,2617155322.28
-0.3,11985940.652,1315845743.404,-1594986.93,1591621703.354
-0.785,-8681849.741,1327831684.056,-11071037.71,1590026716.424
0.161,4012788.987,1319149834.315,-3091612.748,1578955678.714
1.274,305232019.768,1323162623.302,357737038.894,1575864065.966
-2.738,-680639637.739,1628394643.07,-777411443.508,1933601104.86
2.206,1264263666.318,947755005.331,1455422480.294,1156189661.352
2.859,223552850.43,2212018671.65,269698739.553,2611612141.646
0.638,-51426089.209,2435571522.08,-43048550.545,2881310881.199
-0.943,-633137070.931,2384145432.871,-734304733.815,2838262330.653
-0.871,-80046627.382,1751008361.94,-87412855.508,2103957596.839
-0.688,-82363.277,1670961734.559,-10026567.041,2016544741.33
1.258,217898971.608,1670879371.282,252980759.227,2006518174.289
1.339,56067766.3,1888778342.89,58175419.331,2259498933.517
1.048,-4215811.875,1944846109.189,-5194767.706,2317674352.847
-0.923,-273378008.281,1940630297.314,-308896176.214,2312479585.141
-2.163,-709207466.906,1667252289.033,-840941421.274,2003583408.927
1.721,856282375.454,958044822.127,987866742.069,1162641987.653
0.03,-24300065.245,1814327197.581,-23038138.013,2150508729.721
2.895,563650606.815,1790027132.336,664926548.598,2127470591.708
2.761,102691010.925,2353677739.151,123224761.846,2792397140.306
2.19,11880311.063,2456368750.077,14053438.551,2915621902.152
0.845,-30076544.586,2468249061.14,-18361246.304,2929675340.703
-0.153,-21784086.946,2438172516.554,-18371067.296,2911314094.399
-1.325,-1237011022.94,2416388429.607,-1465411657.101,2892943027.103
2.082,1078880336.193,1179377406.667,1264445260.949,1427531370.002
-0.785,-307258075.018,2258257742.86,-346097929.301,2691976630.951
-1.414,-837116224.606,1950999667.842,-996528582.401,2345878701.65
1.275,415566107.87,1113883443.237,463227538.375,1349350119.249
0.432,-7263692.213,1529449551.107,-6490874.251,1812577657.624
1.023,4811453.591,1522185858.893,6204265.133,1806086783.373
-0.471,-6801511.266,1526997312.485,-8367605.213,1812291048.506
1.194,18899134.004,1520195801.219,14899923.495,1803923443.293
-1.472,-469464679.662,1539094935.223,-521396747.615,1818823366.788
-1.295,-4208002.087,1069630255.561,-16635602.64,1297426619.172
-2.775,-124349854.422,1065422253.475,-136315257.959,1280791016.532
-1.447,7343272.568,941072399.052,-5033686.383,1144475758.573
2.081,1160241314.202,948415671.621,1351096992.539,1139442072.189
0.374,-35705683.594,2108656985.822,-24306413.904,2490539064.728
1.88,116719037.428,2072951302.228,134080946.996,2466232650.824
0.123,-32077609.018,2189670339.656,-28525343.434,2600313597.82
0.594,-11781648.919,2157592730.639,-5841827.498,2571788254.386
-2.507,-1201044498.114,2145811081.719,-1415267958.095,2565946426.888
-0.216,24333655.277,944766583.606,2564450.296,1150678468.792
-1.948,-30089017.699,969100238.883,-14096140.026,1153242919.088
1.747,852983044.434,939011221.184,990497442.574,1139146779.062
0.779,-26910188.045,1791994265.618,-17234447.939,2129644221.636
1.461,43532624.549,1765084077.574,46135366.878,2112409773.698
-1.179,-670882613.334,1808616702.123,-784319430.874,2158545140.575
1.852,767336255.934,1137734088.789,885670233.39,1374225709.702
1.244,-14703136.166,1905070344.722,-5079090.59,2259895943.091
2.415,381922390.209,1890367208.556,436040622.869,2254816852.501
-0.671,-168611949.498,2272289598.765,-172490711.767,2690857475.37
1.67,103078887.56,2103677649.266,102011789.385,2518366763.603
-1.827,-1217847155.538,2206756536.827,-1419937991.302,2620378552.988
0.137,24446651.22,988909381.289,2512688.543,1200440561.686
1.84,889740209.923,1013356032.508,1070560709.999,1202953250.229
2.786,447281639.572,1903096242.432,515985526.852,2273513960.228
0.256,-40937061.136,2350377882.004,-28266099.351,2789499487.081
1.488,6298681.596,2309440820.868,10752095.382,2761233387.73
0.493,-12844302.618,2315739502.463,-14524828.629,2771985483.112
-0.852,-369779084.326,2302895199.845,-423750621.455,2757460654.483
1.627,261484618.026,1933116115.519,292386936.916,2333710033.028
-1.978,-1217503883.706,2194600733.545,-1441931395.176,2626096969.944
0.681,34854293.159,977096849.84,16176642.799,1184165574.767
1.164,221349199.55,1011951142.999,257814162.415,1200342217.566
-0.893,-107075925.441,1233300342.549,-115333766.848,1458156379.981
2.489,1113856225.795,1126224417.108,1298710744.15,1342822613.133
0.574,-49993088.678,2240080642.903,-29909279.676,2641533357.283
1.9,93341997.121,2190087554.225,95725021.523,2611624077.607
1.334,-16816981.166,2283429551.346,1198943.064,2707349099.13
1.789,22959972.35,2266612570.18,19858834.21,2708548042.194
-0.117,-21773866.358,2289572542.53,-18087810.868,2728406876.404
-0.243,-5622655.125,2267798676.173,-6593331.475,2710319065.536
-0.144,-5144097.023,2262176021.047,-8004584.849,2703725734.062
-1.435,-1156540554.627,2257031924.024,-1364003633.132,2695721149.213
0.334,20540877.096,1100491369.396,2319299.334,1331717516.08
2.351,1155758321.219,1121032246.493,1356275906.537,1334036815.414
1.58,653343.115,2276790567.712,32040589.145,2690312721.951
0.894,-16531191.667,2277443910.827,-16099564.626,2722353311.096
-0.211,-10991466.404,2260912719.16,-14432911.373,2706253746.47
0.796,-7023249.104,2249921252.756,-3312728.573,2691820835.097
0.027,-3404308.387,2242898003.653,-3542504.29,2688508106.524
-2.736,-1288027962.304,2239493695.265,-1522897818.821,2684965602.234
1.75,903571458.215,951465732.962,1049991256.442,1162067783.414
-0.573,-49217848.053,1855037191.177,-59103381.592,2212059039.856
-0.278,-11347393.412,1805819343.124,-5897182.052,2152955658.264
-0.423,-3426906.272,1794471949.712,-4562114.438,2147058476.211
0.003,-3237266.744,1791045043.44,-4374776.42,2142496361.773
0.525,-5395727.59,1787807776.696,-7760531.762,2138121585.353
-1.548,-780588730.666,1782412049.105,-917376049.118,2130361053.591
2.738,1272378308.865,1001823318.44,1486104929.879,1212985004.473
-2.704,-1327361941.466,2274201627.305,-1543410695.436,2699089934.351
-0.881,24729763.16,946839685.839,634087.306,1155679238.916
0.124,4707032.501,971569448.999,1285004.521,1156313326.222
-1.886,-29719110.657,976276481.5,-16163090.072,1157598330.743
-2.823,-7808394.665,946557370.842,-3992326.088,1141435240.672
1.569,690152956.597,938748976.177,793597694.235,1137442914.584
1.703,188917147.874,1628901932.774,229761999.702,1931040608.818
2.015,256772873.048,1817819080.647,311250827.386,2160802608.521
1.661,6650381.48,2074591953.695,13825219.655,2472053435.907
0.035,-21960767.032,2081242335.175,-17221345.93,2485878655.562
1.144,-6523636.543,2059281568.143,-5897319.139,2468657309.633
-1.266,-912390048.921,2052757931.6,-1089836108.826,2462759990.494
-1.747,-157257715.354,1140367882.679,-183576862.915,1372923881.668
2.034,1059602964.256,983110167.325,1236012540.802,1189347018.753
0.557,-30496967.248,2042713131.581,-19398068.171,2425359559.555
1.543,45397004.391,2012216164.334,46405870.795,2405961491.383
-1.747,-1062182196.885,2057613168.724,-1244316913.992,2452367362.178
-2.37,-47325523.551,995430971.839,-58248501.572,1208050448.187
-2.9,-12351944.476,948105448.288,-16060088.298,1149801946.615
-2.25,-656265.388,935753503.812,-3373669.138,1133741858.316
-2.298,-2478912.474,935097238.424,-1225293.322,1130368189.178
-0.165,23592021.202,932618325.95,3404826.873,1129142895.856
1.639,728341345.212,956210347.152,867538280.968,1132547722.73
-0.998,-426294378.743,1684551692.364,-491551469.571,2000086003.698
-1.75,-291253888.011,1258257313.621,-339938222.801,1508534534.127
-2.566,-30226500.299,967003425.61,-32700586.553,1168596311.326
0.827,57782832.812,936776925.311,45446161.476,1135895724.772
-1.777,-52352401.839,994559758.123,-43601325.229,1181341886.249
0.807,45910526.179,942207356.284,34386263.102,1137740561.02
1.202,212218211.643,988117882.463,246967084.417,1172126824.122
1.139,17475620.025,1200336094.106,19227282.966,1419093908.539
-2.014,-272341697.349,1217811714.131,-291130947.211,1438321191.505
-2.096,-5056940.338,945470016.782,-9773204.649,1147190244.294
0.045,21698951.881,940413076.444,2850067.925,1137417039.645
-1.396,-12814034.191,962112028.325,-2503893.161,1140267107.57
1.893,862544024.114,949297994.133,1022727778.774,1137763214.409
-1.457,-808420350.36,1811842018.247,-949727303.986,2160490993.183
0.835,53892700.75,1003421667.887,45991369.242,1210763689.197
-1.38,-60787265.592,1057314368.638,-54785029.562,1256755058.439
-1.176,5454315.209,996527103.046,-1594311.278,1201970028.877
-0.1,10833218.943,1001981418.255,2791017.247,1200375717.6
-1.23,-13561578.858,1012814637.197,-4492468.585,1203166734.846
0.377,12649444.855,999253058.339,2577438.014,1198674266.262
1.326,350973437.616,1011902503.194,412217536.95,1201251704.276
-1.615,-382380447.413,1362875940.81,-427602402.213,1613469241.226
-1.542,-5061791.188,980495493.398,-8845820.36,1185866839.013
-1.493,-895937.653,975433702.21,-3573782.708,1177021018.653
2.299,1089358396.7,974537764.557,1283875216.364,1173447235.945
1.189,-12050115.369,2063896161.256,3664748.096,2457322452.31
2.1,132583124.543,2051846045.887,124582219.548,2460987200.406
2.767,154429326.292,2184429170.43,196251657.488,2585569419.953
1.979,8679200.332,2338858496.722,5392579.906,2781821077.441
-0.037,-23195500.423,2347537697.054,-13315484.375,2787213657.347
0.766,-18033230.797,2324342196.631,-30078968.707,2773898172.972
-0.562,-62941761.395,2306308965.834,-54935185.244,2743819204.265
2.173,105248374.75,2243367204.439,113339264.932,2688884019.021
-2.632,-1402219455.628,2348615579.189,-1655019221.016,2802223283.953
-2.676,-14896292.396,946396123.561,-17825249.52,1147204062.938
-1.776,3201905.51,931499831.166,-3430201.713,1129378813.418
-2.099,-3503330.887,934701736.676,-2185804.321,1125948611.705
0.315,20081779.521,931198405.788,3000929.978,1123762807.384
0.339,1833757.08,951280185.309,114275.275,1126763737.363
1.103,157463474.574,953113942.389,183987092.788,1126878012.638
-2.877,-183552795.19,1110577416.964,-187572510.171,1310865105.426
2.191,1132287691.472,927024621.774,1326020403.065,1123292595.255
-0.775,-276355243.286,2059312313.246,-305200784.064,2449312998.32
-1.287,-680652150.373,1782957069.96,-813369393.614,2144112214.257
-1.866,-144498679,1102304919.587,-170676928.9,1330742820.642
-1.068,13553225.554,957806240.587,-2028533.457,1160065891.743
-1.904,-23983815.116,971359466.141,-12876806.776,1158037358.285
2.564,1228335901.84,947375651.025,1451540599.349,1145160551.509
2.028,74980675.663,2175711552.865,80350692.259,2596701150.858
-0.584,-87971266.031,2250692228.529,-83061858.512,2677051843.117
-2.459,-1220125053.364,2162720962.497,-1447151674.471,2593989984.605
1.459,563689064.92,942595909.134,636851805.815,1146838310.134
-0.182,-11164672.937,1506284974.054,-11631754.979,1783690115.949
1.443,63786904.931,1495120301.117,67543107.768,1772058360.97
-2.998,-623291594.366,1558907206.049,-701838254.329,1839601468.738
2.516,1269087792.325,935615611.682,1471389039.41,1137763214.409
1.683,27694833.515,2204703404.007,45865962.925,2609152253.818
2.14,37633372.669,2232398237.522,66968289.008,2655018216.744
-2.343,-1320409085.144,2270031610.19,-1564575749.355,2721986505.752
1.066,173045833.107,949622525.046,175649743.887,1157410756.397
-2.242,-184113216.866,1122668358.154,-192978642.407,1333060500.284
2.427,1238137917.782,938555141.288,1438146422.322,1140081857.877
0.754,-31452784.115,2176693059.07,-21142948.344,2578228280.199
1.675,29791018.307,2145240274.955,58873587.126,2557085331.855
2.073,71336890.975,2175031293.263,57748510.583,2615958918.981
-1.989,-1282935280.114,2246368184.238,-1500301501.518,2673707429.565
1.367,482170834.207,963432904.124,544388012.263,1173405928.047
1.336,44542668.553,1445603738.331,47428788.874,1717793940.31
1.992,533645288.284,1490146406.884,655087058.367,1765222729.184
-1.733,-1032281501.204,2023791695.168,-1215225537.099,2420309787.551
2.345,1141740084.825,991510193.964,1341495883.421,1205084250.453
-0.546,-72168045.73,2133250278.789,-68188609.973,2546580133.874
-2.253,-1105837821.836,2061082233.059,-1313938773.027,2478391523.901
-2.616,-19302608.084,955244411.223,-23723882.163,1164452750.874
1.674,775004144.657,935941803.139,892501227.365,1140728868.711
2.922,542953580.125,1710945947.796,647593104.305,2033230096.075
2.259,39026337.2,2253899527.921,59655520.145,2680823200.38
1.002,-15585684.585,2292925865.121,-1504972.904,2740478720.525
1.258,-2486695.318,2277340180.536,-8859219.317,2738973747.621
-2.201,-1319390025.723,2274853485.218,-1567830640.465,2730114528.304
2.618,1255039413.33,955463459.494,1470958159.769,1162283887.84
-2.437,-1269906252.388,2210502872.825,-1490557939.774,2633242047.609
-1.298,4500334.698,940596620.436,-7494360.869,1142684107.835
2.07,1113609106.932,945096955.134,1314142748.695,1135189746.966
1.392,21187863.344,2058706062.066,25463256.351,2449332495.662
2.877,259455630.143,2079893925.41,318047865.501,2474795752.013
0.218,-30270023.927,2339349555.553,-21578313.202,2792843617.514
-2.046,-1349796308.051,2309079531.626,-1604033016.333,2771265304.313
1.559,707592497.088,959283223.575,805179587.123,1167232287.98
1.862,274710681.63,1666875720.663,333843901.347,1972411875.103
-2.29,-997611323.236,1941586402.294,-1157738082.099,2306255776.45
2.397,1213174334.278,943975079.058,1408391105.187,1148517694.351
2.113,76960757.339,2157149413.336,100815510.733,2556908799.538
2.818,100598305.951,2234110170.675,117873466.753,2657724310.271
-2.464,-1390082454.068,2334708476.626,-1628618061.36,2775597777.024
-1.614,-1699035.752,944626022.558,-9310345.136,1146979715.664
-0.532,20220579.44,942926986.806,1798668.818,1137669370.528
2.988,1291599380.685,963147566.246,1526674285.997,1139468039.346
-0.647,-145239237.472,2254746946.932,-139441413.456,2666142325.343
2.496,207047202.737,2109507709.46,249045173.965,2526700911.886
-1.873,-1344806080.117,2316554912.197,-1592268614.824,2775746085.851
0.274,23910094.999,971748832.079,718252.842,1183477471.027
-2.49,-62731728.052,995658927.078,-50685185.055,1184195723.869
1.518,628526139.283,932927199.026,725843289.247,1133510538.814
-1.878,-617625266.031,1561453338.309,-714271954.707,1859353828.061
-0.607,23678228.606,943828072.278,2862302.121,1145081873.354
2.615,1195259097.464,967506300.885,1418114185.674,1147944175.475
1.508,7236923.554,2162765398.349,36363192.107,2566058361.148
-2.876,-1237116462.82,2170002321.902,-1470386663.94,2602421553.255
-0.126,26917573.174,932885859.083,2594569.069,1132034889.315
-1.139,-13308775.219,959803432.257,-7443421.965,1134629458.385
1.087,152635930.667,946494657.038,171759868.978,1127186036.419
-2.75,-176182877.308,1099130587.705,-179234790.865,1298945905.398
0.64,31597331.958,922947710.397,9910095.235,1119711114.532
0.655,4266798.012,954545042.356,6048764.538,1129621209.768
2.971,1268546918.637,958811840.367,1496906581.021,1135669974.305
-1.139,-960533739.211,2227358759.005,-1105858998.074,2632576555.326
2.629,988766167.837,1266825019.794,1158878984.237,1526717557.252
-1.288,-1096288508.192,2255591187.631,-1283401405.003,2685596541.489
1.474,602468817.037,1159302679.438,685853707.152,1402195136.486
1.362,3175508.785,1761771496.475,13269365.807,2088048843.639
-1.75,-788229508.587,1764947005.26,-917536025.368,2101318209.446
-2.292,-42882071.159,976717496.673,-53956770.35,1183782184.078
-1.188,9351698.096,933835425.514,-1784285.348,1129825413.728
-1.079,4462350.327,943187123.609,818159.31,1128041128.38
2.344,1182412084.843,947649473.936,1405094104.038,1128859287.69
2.756,191492210.728,2130061558.779,221590590.543,2533953391.728
2.584,35453938.498,2321553769.507,32981236.454,2755543982.271
-1.781,-1378162989.483,2357007708.004,-1603832514.685,2788525218.725
1.427,539245220.717,978844718.521,609178087.931,1184692704.04
2.137,596525383.158,1518089939.238,713865574.72,1793870791.972
-1.391,-1051752288.242,2114615322.397,-1219188656.602,2507736366.691
2.964,1196593781.129,1062863034.155,1384144987.713,1288547710.09
0.214,-48895305.029,2259456815.284,-32655209.27,2672692697.803
0.534,-17907230.989,2210561510.256,-13083363.032,2640037488.532
-2.861,-1262759078.455,2192654279.266,-1492334322.413,2626954125.5
2.882,1313596569.781,929895200.811,1549886301.48,1134619803.087
2.682,69810294.609,2243491770.592,116500577.235,2684506104.567
-1.37,-1223312529.1,2313302065.2,-1475827616.98,2801006681.801
-2.652,-160969025.65,1089989536.1,-195053592.641,1325179064.821
1.377,481108445.843,929020510.45,538751761.455,1130125472.181
1.563,207627538.999,1410128956.293,258192800.907,1668877233.636
0.908,-16494700.998,1617756495.292,-21314414.35,1927070034.543
-1.342,-598928864.4,1601261794.294,-693307414.464,1905755620.192
0.486,16770157.478,1002332929.894,3312921.526,1212448205.728
2.069,998716275.42,1019103087.373,1189811140.347,1215761127.254
0.931,-32089808.237,2017819362.793,-18746590.607,2405572267.601
-1.329,-909885218.473,1985729554.556,-1082614084.313,2386825676.993
0.04,13477316.091,1075844336.083,-1339410.956,1304211592.68
0.292,365008.427,1089321652.174,-171846.768,1302872181.725
-1.132,-22513442.38,1089686660.601,-17951904.759,1302700334.957
-1.569,-80376557.541,1067173218.221,-89505497.072,1284748430.198
1.169,223783812.657,986796660.68,239611106.347,1195242933.126
-0.211,-3051530.378,1210580473.337,-2888340.779,1434854039.473
-1.473,-216892929.873,1207528942.959,-234973739.487,1431965698.694
-0.264,20225695.978,990636013.086,2178215.033,1196991959.207
0.456,3468237.253,1010861709.064,1255977.044,1199170174.239
-2.54,-86184635.887,1014329946.317,-77688467.716,1200426151.284
2.833,1252026247.27,928145310.43,1469752649.684,1122737683.568
2.723,96559398.157,2180171557.7,112976332.694,2592490333.252
1.24,-36769483.194,2276730955.857,-20706505.638,2705466665.945
-2.584,-1306947230.2,2239961472.663,-1550831892.609,2684760160.307
0.44,26066574.483,933014242.462,1751379.787,1133928267.698
0.861,40941683.561,959080816.945,48765040.429,1135679647.485
-0.339,-699541.811,1000022500.506,-1698588.019,1184444687.914
0.68,3135570.848,999322958.695,1863452.797,1182746099.895
0.986,42353456.539,1002458529.544,50598826.962,1184609552.691
-2.926,-121772694.608,1044811986.083,-112536870.531,1235208379.654
2.458,1171662161.2,923039291.475,1370954160.26,1122671509.123
-0.609,-112684294.353,2094701452.675,-105168129.291,2493625669.383
-0.476,-14644073.56,1982017158.323,-20525963.843,2388457540.092
-1.576,-979730956.887,1967373084.762,-1167941176.172,2367931576.249
1.632,717219113.469,987642127.875,829581476.958,1199990400.077
0.085,-17659928.701,1704861241.344,-9540233.239,2029571877.034
0.283,-4048869.105,1687201312.643,-9357982.666,2020031643.796
0.861,-4371976.82,1683152443.538,-3594693.612,2010673661.13
-0.635,-55214075.841,1678780466.718,-61551783.153,2007078967.518
1.586,107844960.429,1623566390.877,117635509.94,1945527184.365
1.292,-2037592.132,1731411351.306,-3807972.513,2063162694.305
2.534,451754789.454,1729373759.174,537870792.053,2059354721.791
0.025,-49970701.225,2181128548.628,-40454000.37,2597225513.845
2.297,98062889.477,2131157847.403,104418424.3,2556771513.475
-2.384,-1292704810.256,2229220736.88,-1521741373.907,2661189937.775
1.003,131706071.272,936515926.624,129799987.047,1139448563.868
1.65,606774987.11,1068221997.896,726517431.553,1269248550.915
-2.621,-746692278.268,1674996985.005,-866294687.981,1995765982.468
-2.858,-6688191.369,928304706.737,-11462691.411,1129471294.487
-0.613,26466460.854,921616515.368,4187309.886,1118008603.076
-0.665,715133.772,948082976.222,-154245.945,1122195912.962
-2.326,-27168853.795,948798109.994,-6558481.532,1122041667.017
-2.327,-216546.232,921629256.199,-1807526.816,1115483185.485
1.389,421107939.679,921412709.967,476231609.989,1113675658.67
-2.14,-417102418.444,1342520649.646,-467733393.427,1589907268.659
-2.264,-4529481.469,925418231.202,-6588025.322,1122173875.231
-1.499,5562594.201,920888749.732,-2365805.269,1115585849.909
-2.154,-7629273.827,926451343.933,-2793696.444,1113220044.64
-0.631,21613116.276,918822070.106,3835648.227,1110426348.196
2.092,998563902.288,940435186.382,1182412017.686,1114261996.423
0.712,-38502441.384,1938999088.67,-28597586.738,2296674014.11
2.467,275147452.149,1900496647.286,324175332.12,2268076427.371
2.26,46012834.522,2175644099.436,58201202.92,2592251759.491
-1.507,-1190830056.178,2221656933.958,-1405642266.998,2650452962.411
2.968,1163999039.602,1030826877.78,1376689274.439,1244810695.413
0.108,-37169175.757,2194825917.382,-16561658.048,2621499969.853
-1.05,-705325695.835,2157656741.625,-843204060.608,2604938311.805
0.969,83501855.589,1452331045.791,79454899.228,1761734251.197
2.834,694043992.691,1535832901.38,815800758.992,1841189150.425
2.476,87138280.64,2229876894.071,89427217.79,2656989909.417
1.458,-28821794.913,2317015174.712,-13717506.915,2746417127.206
-1.672,-1281579929.43,2288193379.799,-1508664466.002,2732699620.291
1.628,747600170.749,1006613450.369,866788117.828,1224035154.29
-2.43,-823604490.912,1754213621.118,-962237897.455,2090823272.118
-0.989,15684003.018,930609130.206,-703283.456,1128585374.662
1.258,288027142.03,946293133.224,331487242.336,1127882091.206
2.999,979850974.286,1234320275.253,1154768840.652,1459369333.543
-0.801,-352608244.009,2214171249.54,-385372046.982,2614138174.194
2.147,344692058.514,1861563005.531,404020091.205,2228766127.212
2.431,61111689.897,2206255064.045,79105766.925,2632786218.417
1.867,16310491.67,2267366753.941,16053428.47,2711891985.342
-0.704,-183545042.289,2283677245.611,-201127984.584,2727945413.812
-1.125,-692320962.653,2100132203.322,-822116033.249,2526817429.229
0.677,22543022.323,1407811240.669,11758337.162,1704701395.98
2.005,701885089.404,1430354262.992,828555218.821,1716459733.142
-0.018,-33537399.554,2132239352.396,-18125691.621,2545014951.963
0.971,-7382392.939,2098701952.842,-17713518.3,2526889260.342
2.501,167797814.235,2091319559.903,186601726.92,2509175742.042
-1.716,-1255340664.267,2259117374.138,-1477049272.771,2695777468.961
-0.373,26009866.861,1003776709.871,769127.013,1218728196.191
0.617,6300330.238,1029786576.732,7504069.443,1219497323.203
-0.807,-3559719.238,1036086906.97,-955268.791,1227001392.647
0.216,3259233.109,1032527187.732,902201.069,1226046123.855
-1.125,-15880405.179,1035786420.84,-11194588.001,1226948324.924
-0.323,9843446.295,1019906015.661,1694734.57,1215753736.923
-1.916,-65912620.256,1029749461.956,-56119562.823,1217448471.493
2.997,1226863634.778,963836841.699,1453161249.408,1161328908.67
1.38,-4630985.7,2190700476.477,7975720.362,2614490158.079
0.045,-13746729.233,2186069490.777,-11736695.253,2622465878.441
-0.979,-589280312.26,2172322761.544,-696349801.054,2610729183.188
2.64,609691160.444,1583042449.283,705307565.276,1914379382.134
-1.176,-883224610.127,2192733609.727,-1038034120.205,2619686947.41
-1.113,-65700832.134,1309508999.601,-84069552.214,1581652827.204
1.888,784928892.995,1243808167.466,923335887.493,1497583274.99
-1.852,-1061672849.816,2028737060.461,-1246469318.832,2420919162.483
-1.254,5317711.802,967064210.646,-7843937.709,1174449843.651
-2.236,-42350510.637,972381922.448,-43928094.827,1166605905.942
-0.342,22937204.55,930031411.811,5629645.897,1122677811.115
-0.843,172579.593,952968616.361,1342464.477,1128307457.012
0.396,3966043.127,953141195.954,178683.511,1129649921.489
-1.095,-9114140.47,957107239.081,-3068041.62,1129828605.001
-2.108,-18447971.518,947993098.61,-7757371.424,1126760563.38
-0.445,22190005.021,929545127.092,2648327.741,1119003191.957
-1.929,-20476023.235,951735132.113,-4055245.764,1121651519.698
0.7,29226512.652,931259108.878,16701779.894,1117596273.934
2.325,1073201386.921,960485621.53,1274014477.706,1134298053.828
0.4,-43001426.29,2033687008.451,-31622630.743,2408312531.534
2.676,189173500.849,1990685582.161,214673473.786,2376689900.791
-0.446,-31641754.307,2179859083.01,-32134828.43,2591363374.577
-0.962,-520034791.53,2148217328.702,-599015000.483,2559228546.147
0.034,-5586261.437,1628182537.172,-8698926.38,1960213545.664
-2.031,-676468775.594,1622596275.736,-807840566.389,1951514619.284
-0.802,19547579.164,946127500.142,1352096.64,1143674052.895
0.457,2754128.519,965675079.306,131123.502,1145026149.535
1.7,706299182.631,968429207.825,847139511.446,1145157273.037
-2.329,-747448034.195,1674728390.456,-870085129.754,1992296784.483
-1.531,275233.305,927280356.261,-6756465.353,1122211654.729
0.65,23724595.743,927555589.566,10220919.837,1115455189.376
-2.27,-33350026.026,951280185.309,-18109212.173,1125676109.213
2.355,1124944676.329,917930159.284,1305524121.736,1107566897.041
0.832,-33213388.204,2042874835.612,-17261678.492,2413091018.777
-1.704,-1034215851.667,2009661447.408,-1212551423.8,2395829340.284
1.185,235985467.774,975445595.741,253906352.097,1183277916.484
0.163,-3953152.814,1211431063.515,-3035023.84,1437184268.581
1.285,101491145.271,1207477910.701,111708629.086,1434149244.741
1.486,183300985.215,1308969055.972,224485249.651,1545857873.827
-0.737,-94553211.628,1492270041.187,-107666188.673,1770343123.478
2.333,649142954.917,1397716829.559,760722440.2,1662676934.805
-2.478,-1116378376.658,2046859784.476,-1299440792.879,2423399375.005
-0.904,14593217.637,930481407.818,2139011.122,1123958582.126
-0.516,5294711.829,945074625.455,520159.431,1126097593.248
-1.911,-26240328.874,950369337.284,-12904884.562,1126617752.679
-1.789,-904369.39,924129008.41,-1913058.791,1113712868.117
1.99,947828899.775,923224639.019,1101221163.473,1111799809.326
-1.504,-882964946.771,1871053538.794,-1018085110.982,2213020972.8
0.718,34100579.416,988088592.023,18788938.221,1194935861.818
-1.224,-28286762.717,1022189171.439,-22234424.302,1213724800.039
-1.077,4104073.33,993902408.722,-936232.31,1191490375.736
-0.498,8637367.354,998006482.052,1945036.731,1190554143.426
1.318,323337929.844,1006643849.406,377070012.339,1192499180.157
-1.081,-247182852.303,1329981779.25,-275757493.851,1569569192.496
-0.528,8516927.145,1082798926.946,3049572.862,1293811698.645
0.912,39407017.04,1091315854.091,44593677.237,1296861271.508
1.681,466972612.902,1130722871.132,555481640.933,1341454948.745
0.375,-14001200.378,1597695484.034,-8953460.695,1896936589.678
0.581,-3511669.852,1583694283.655,-8591225.027,1887983128.983
1.714,79999657.608,1580182613.804,94052442.2,1879391903.956
0.282,-11690229.507,1660182271.412,-15547929.645,1973444346.156
-0.279,-13082146.857,1648492041.905,-4930667.136,1957896416.511
1.022,6269050.01,1635409895.048,-305078.353,1952965749.375
0.259,-2690020.935,1641678945.057,-4323747.066,1952660671.022
2.283,346372016.978,1638988924.123,402308915.989,1948336923.956
-1.126,-672314180.223,1985360941.101,-764728783.407,2350645839.945
1.83,533999350.628,1313046760.878,613471843.256,1585917056.538
-1.838,-876132263.119,1847046111.506,-1027025033.221,2199388899.794
0.43,19241531.746,970913848.387,2538572.465,1172363866.573
-0.873,-839986.386,990155380.133,-786988.266,1174902439.039
-2.205,-54738138.087,989315393.748,-45612860.859,1174115450.772
0.872,55129791.054,934577255.661,45540491.597,1128502589.913
1.352,260851796.769,989707046.714,296610035.538,1174043081.511
-1.87,-306966777.205,1250558843.483,-333743634.94,1470653117.049
1.696,621420512.511,943592066.278,711820925.392,1136909482.109
0.813,-23176792.009,1565012578.789,-18016520.622,1848730407.502
1.255,7122925.726,1541835786.78,9227750.171,1830713886.88
-0.073,-8165242.388,1548958712.506,-8728238.429,1839941637.051
2.064,316959327.078,1540793470.117,368477874.708,1831213398.622
1.172,-22238720.179,1857752797.195,-8880410.413,2199691273.33
-2.633,-906083422.999,1835514077.016,-1063268960.641,2190810862.917
0.548,24499298.906,929430654.017,4605129.659,1127541902.276
0.821,26173938.089,953929952.924,32580363.618,1132147031.935
-0.148,1652618.647,980103891.012,-745646.787,1164727395.553
1.016,66299477.492,981756509.659,79772274.001,1163981748.766
-1.521,-110648995.501,1048055987.151,-113366667.28,1243754022.767
1.566,540647592.906,937406991.65,615446321.557,1130387355.487
0.288,-15430124.356,1478054584.556,-10913817.33,1745833677.044
2.675,615091465.129,1462624460.2,715344370.655,1734919859.714
-1.352,-1007458903.105,2077715925.329,-1160536588.604,2450264230.369
0.895,66345559.001,1070257022.224,64684864.88,1289727641.765
-0.904,-31968919.171,1136602581.224,-34938053.32,1354412506.645
-1.626,-118211759.542,1104633662.054,-133037797.178,1319474453.325
-1.776,-25186137.813,986421902.512,-29842479.02,1186436656.147
-2.783,-40143441.313,961235764.699,-41721299.113,1156594177.127
-0.059,21814658.84,921092323.386,2248969.259,1114872878.014
-2.045,-20421159.68,942906982.226,-7397891.107,1117121847.273
1.598,579540034.829,922485822.546,653427500.748,1109723956.166
0.79,-19709886.903,1502025857.375,-8980147.175,1763151456.914
2.092,432803080.51,1482315970.472,503408372.947,1754171309.739
2.315,159452459.239,1915119050.982,203728551.867,2257579682.686
-0.862,-393547497.633,2074571510.221,-434837460.061,2461308234.553
0.401,-3543889.679,1681024012.588,-9117501.639,2026470774.492
-2.121,-732798327.163,1677480122.909,-871425042.338,2017353272.853
0.398,22454899.355,944681795.746,302104.471,1145928230.515
2.654,1086595089.582,967136695.1,1297656495.947,1146230334.986
0.13,-49771960.069,2053731784.683,-52014413.407,2443886830.933
2.836,176439908.07,2003959824.613,199867060.822,2391872417.525
1.127,-39682924.363,2180399732.683,-22292134.353,2591739478.348
2.227,56556595.114,2140716808.32,50133234.959,2569447343.994
0.886,-24868056.492,2197273403.434,-15724137.371,2619580578.954
1.088,-16142021.908,2172405346.941,-12352040.884,2603856441.583
-0.328,-7470141.005,2156263325.034,-8934808.518,2591504400.698
0.907,-5523078.949,2148793184.028,-971738.004,2582569592.18
-2.098,-1192880445.319,2143270105.079,-1430575026.516,2581597854.176
-1.171,8638269.53,950389659.761,-5698328.597,1151022827.66
-1.169,906795.148,959027929.291,1211386.076,1145324499.064
-1.276,-1495064.206,959934724.439,-709414.83,1146535885.14
1.396,414767017.671,958439660.233,480628139.204,1145826470.31
2.833,747648111.41,1373206677.904,896451803.903,1626454609.515
-1.929,-1160922368.557,2120854789.314,-1364456535.199,2522906413.417
-2.299,-27553222.137,959932420.758,-31905103.696,1158449878.218
-2.877,-8864671.737,932379198.62,-10958924.613,1126544774.522
1.484,519320355.093,923514526.884,592148264.428,1115585849.909
0.933,-15583660.784,1442834881.976,-13083828.725,1707734114.337
-1.096,-347334698.739,1427251221.192,-400759069.516,1694650285.612
1.493,371130589.419,1079916522.453,421154753.567,1293891216.096
-2.001,-514208753.962,1451047111.872,-583758343.744,1715045969.663
-2.335,-13330227.575,936838357.91,-14917169.547,1131287625.919
-1.897,223931.943,923508130.335,-3528257.396,1116370456.372
-1.877,151482.201,923732062.278,-1082561.41,1112842198.976
-2.659,-5877545.31,923883544.479,-4897646.654,1111759637.566
0.76,38094639.984,918005999.169,27172364.658,1106861990.913
2.966,1124446711.244,956100639.153,1346319690.166,1134034355.571
0.614,-47312086.778,2080547350.397,-29408195.096,2480354045.736
-1.715,-1065600236.199,2033235263.619,-1277360900.694,2450945850.641
-1.656,-8487517.727,967635027.42,-12879809.967,1173584949.947
-0.633,17651081.763,959147509.693,-16503.412,1160705139.98
1.871,818819651.127,976798591.456,985074098.936,1160688636.568
2.858,332319774.838,1795618242.584,379233145.596,2145762735.504
-1.03,-683680925.216,2127938017.421,-778060442.593,2524995881.1
-2.89,-527147729.206,1444257092.205,-631850287.817,1746935438.507
2.718,1186602584.139,917109362.999,1362158271.919,1115085150.69
-1.933,-1155851386.905,2103711947.138,-1335606200.669,2477243422.609
0.5,20601473.634,947860560.233,2579904.702,1141637221.94
1.804,782063561.443,968462033.867,924945674.57,1144217126.642
-0.839,-259329245.759,1750525595.31,-288012712.6,2069162801.212
2.396,569066333.941,1491196349.551,661035740.971,1781150088.612
0.113,-38154979.97,2060262683.492,-25121354.388,2442185829.583
1.342,12554807.007,2022107703.523,21943555.849,2417064475.195
-0.598,-48400491.782,2034662510.529,-63636359.607,2439008031.044
-3,-1059175088.124,1986262018.747,-1249296269.427,2375371671.436
2.179,1083269420.117,927086930.624,1256114867.101,1126075402.009
2.316,120511994.091,2010356350.741,147953227.978,2382190269.11
1.794,-9806626.178,2130868344.832,1064718.201,2530143497.088
0.173,-22697760.573,2121061718.654,-16701080.69,2531208215.289
-0.062,-6496459.06,2098363958.081,-12912367.936,2514507134.6
-1.544,-1071193752.281,2091867499.021,-1262222384.838,2501594766.664
-1.832,-59770497.686,1020673746.74,-76797977.064,1239372381.826
2.055,1002362093.128,960903249.054,1160220986.58,1162574404.762
-0.83,-297261606.169,1963265342.182,-330226676.364,2322795391.342
0.267,-6987209.305,1666003736.013,-10162569.518,1992568714.977
-2.231,-726050160.145,1659016526.708,-846868354.761,1982406145.459
1.648,679096376.532,932966366.562,782164035.434,1135537790.698
0.57,-15460313.065,1612062743.094,-18756120.787,1917701826.132
-1.137,-483828339.861,1596602430.029,-560678627.384,1898945705.344
-2.649,-193635323.193,1112774090.168,-221114030.786,1338267077.961
2.663,1129968078.578,919138766.975,1303877476.573,1117153047.175
-2.102,-1111873371.323,2049106845.554,-1288702414.693,2421030523.748
2.819,1152274791.342,937233474.231,1354689658.2,1132328109.055
-1.192,-907143239.93,2089508265.572,-1056197907.475,2487017767.255
-0.474,8727980.855,1182365025.643,-1360124.087,1430819859.78
2.583,899477839.551,1191093006.497,1050266948.832,1429459735.693
0.428,-40520927.333,2090570846.049,-20444708.787,2479726684.525
0.099,-11608999.868,2050049918.716,-14013204.021,2459281975.738
-1.316,-920516680.573,2038440918.848,-1097114731.636,2445268771.717
-0.178,10562432.887,1117924238.274,-2426556.625,1348154040.081
1.525,546846353.631,1128486671.162,656037072,1345727483.456
-1.786,-711925645.574,1675333024.793,-833802911.316,2001764555.456
2.527,1107572344.336,963407379.219,1293320844.02,1167961644.14
2.476,89364246.412,2070979723.555,122785312.611,2461282488.16
-0.615,-94368062.345,2160343969.967,-110868011.982,2584067800.771
1.992,58433772.038,2065975907.622,72320477.371,2473199788.789
-2.14,-1185673922.042,2124409679.66,-1406282643.976,2545520266.16
-1.052,8985564.927,938735757.618,-6500674.853,1139237622.183
0.649,13713137.67,947721322.545,8724351.424,1132736947.331
-0.314,1184633.816,961434460.215,111085.924,1141461298.755
2.849,1118470564.514,962619094.031,1341446867.411,1141572384.679
0.046,-24063758.018,2081089658.545,-14694035.433,2483019252.09
0.138,-14195927.309,2057025900.527,-11131074.362,2468325216.657
-0.878,-359496906.413,2042829973.218,-428066007.926,2457194142.295
2.082,399364609.841,1683333066.806,462558974.514,2029128134.369
-2.311,-1144925869.349,2082697676.647,-1354965017.542,2491687108.883
0.356,23221475.36,937771807.297,3447508.887,1136722091.341
-2.479,-36885624.115,960993282.657,-21441817.463,1140169600.228
-0.158,20119220.292,924107658.542,798433.74,1118727782.765
2.277,1053228363.187,944226878.834,1268251228.31,1119526216.505
1.939,61183009.947,1997455242.022,78373097.645,2387777444.815
-0.055,-22451134.518,2058638251.969,-19276760.163,2466150542.461
1.219,2761906.274,2036187117.451,9381840.225,2446873782.298
-0.227,-11782971.459,2038949023.726,-11574179.794,2456255622.523
0.463,-3680466.819,2027166052.266,-3418235.495,2444681442.729
-0.449,-7594314.559,2023485585.447,-7028618.83,2441263207.234
2.067,70385668.815,2015891270.888,68047179.783,2434234588.404
-0.554,-61594030.355,2086276939.703,-63026838.606,2502281768.187
0.688,-6316786.816,2024682909.348,-5477999.84,2439254929.582
-0.799,-220419377.715,2018366122.532,-260394238.887,2433776929.742
-0.448,-1907639.658,1797946744.817,-1842998.637,2173382690.854
1.708,192427786.867,1796039105.159,214559846.312,2171539692.217
1.722,20617181.613,1988466892.026,19424989.102,2386099538.528
-2.83,-1081087340.187,2009084073.639,-1274053218.914,2405524527.63
-1.9,-3968060.842,927996733.451,-15359396.175,1131471308.716
-2.544,-4972267.821,924028672.61,-5602327.456,1116111912.541
0.463,20078276.515,919056404.789,4320102.383,1110509585.086
1.955,912532003.879,939134681.305,1099741192.364,1114829687.469
